01110100011001110101110011000101110
00100011001010000100001000010011111
01110100011000100010001000100011111
11111000100010011111000011000101110
00110010101001010010111110001000010
11111100001000011111000011000101110
01110100011000011110100011000101110
11111000010001011100001110100010000
01110100011000101110100011000101110
01110100011000101111000011000101110
01110100011000001110000011000101110
01110100011000010000100001000101110
01110100011000110001100011000101110
10011101001100010000100001000010000
01110100011000111110100001000101110
00000001000010000000001000010000000
